bias: [1.224188436589776, -6.330136811659416, 72.35345230848047, -0.943115940792224,
  0.4417420908000323, 0.09382691701020202]
calib_file_dir: ~/Desktop/lee_ws/src/ultrasound_robot/config
calib_file_name: ft_calib_data.yaml
gripper_com_frame_id: ft_link
gripper_com_pose: [0.0006509317915489955, -0.0064801870105817205, 0.0397711149256009,
  0.0, 0.0, 0.0]
gripper_mass: 0.4643415892891196
loop_rate: 650.0
meas_file_dir: ~/Desktop/lee_ws/src/ultrasound_robot/config
meas_file_name: ft_calib_meas.txt
moveit_group_name: manipulator
number_random_poses: 0
pose0: [-0.21176, -1.74621, -1.82235, 0.345019, 1.51125, 0.0480508]
pose1: [-0.224751, -1.74615, -1.8221, 0.34915, 0.885636, 0.0480627]
pose10: [-0.239576, -1.74705, -1.82301, -1.73332, 1.37181, 0.0480627]
pose11: [-0.239276, -1.74711, -1.82302, -1.36997, 1.47152, 0.0480388]
pose12: [-0.239288, -1.74712, -1.82309, -1.02082, 1.48126, 0.0480388]
pose13: [-0.239132, -1.74715, -1.82301, -0.717422, 1.58109, 0.0480508]
pose14: [-0.239048, -1.74717, -1.82234, -0.357383, 1.58131, 0.0480388]
pose15: [-0.23912, -1.7469, -1.82204, -0.0978077, 1.58126, 0.0480264]
pose16: [-0.239288, -1.74676, -1.82198, 0.186895, 1.58071, 0.0480747]
pose17: [-0.239444, -1.74671, -1.82197, 0.55312, 1.58059, 0.0480388]
pose18: [-0.239432, -1.74675, -1.8223, 0.88843, 1.58059, 0.0480144]
pose19: [-0.239624, -1.74652, -1.82235, 1.12066, 1.58055, 0.0480627]
pose2: [-0.224823, -1.74681, -1.82243, -0.0288499, 0.885672, 0.0480747]
pose20: [-0.239588, -1.74743, -1.8226, 1.0098, 2.04776, 0.0480264]
pose21: [-0.240175, -1.74691, -1.82143, 0.414913, 2.04724, 0.0480388]
pose22: [-0.240175, -1.74828, -1.82281, 0.0832638, 2.04714, 0.0480388]
pose23: [-0.240187, -1.74848, -1.82308, -0.413775, 2.04694, 0.0480627]
pose24: [-0.240223, -1.74853, -1.82335, -0.855498, 2.04595, 0.0480627]
pose25: [-0.240283, -1.74857, -1.82371, -1.21413, 2.04058, 0.0480627]
pose26: [-0.240271, -1.74852, -1.82398, -1.51, 2.00671, 0.0480508]
pose27: [-0.240295, -1.74846, -1.82423, -1.82162, 1.9848, 0.0480627]
pose28: [-0.240235, -1.74846, -1.82422, -2.18761, 1.98451, 0.0480388]
pose29: [-0.240259, -1.74842, -1.82409, -2.06763, 2.34072, 0.0480627]
pose3: [-0.225087, -1.74694, -1.82276, -0.360653, 0.8868, 0.0480747]
pose30: [-0.240283, -1.74846, -1.82357, -1.84776, 2.55935, 0.0480627]
pose31: [-0.240031, -1.74909, -1.82356, -0.978214, 2.37764, 0.0480508]
pose32: [-0.240055, -1.74909, -1.82326, -0.517918, 2.37541, 0.0480508]
pose33: [-0.240043, -1.74848, -1.82259, -0.130454, 2.38337, 0.0480508]
pose34: [-0.243063, -1.74721, -1.82275, 0.339008, 2.08946, 0.0480747]
pose35: [-0.243171, -1.7469, -1.82267, 0.728413, 2.0895, 0.0480508]
pose36: [-0.248205, -1.74769, -1.82267, 0.596647, -0.0307305, 0.046419]
pose37: [-0.265139, -1.79184, -1.84332, -0.0953286, 0.186063, 0.0459625]
pose38: [-0.268877, -1.82343, -1.84369, -0.563596, 0.0491803, 0.0463827]
pose39: [-0.26883, -1.82545, -1.84386, -0.907909, 0.068397, -0.0298618]
pose4: [-0.225194, -1.74715, -1.82284, -0.796114, 0.888767, 0.0480627]
pose40: [-0.268973, -1.82451, -1.84382, -1.32255, 0.000443791, -0.210253]
pose41: [-0.268734, -1.82545, -1.84381, -1.71622, 0.0959146, -0.349737]
pose42: [-0.268793, -1.82578, -1.84404, -2.05047, 0.0987335, -0.408469]
pose5: [-0.228466, -1.74714, -1.82299, -1.12006, 0.890003, 0.0480264]
pose6: [-0.236484, -1.74714, -1.82305, -1.47163, 0.889103, 0.0480747]
pose7: [-0.236951, -1.74709, -1.82305, -1.76039, 0.889295, 0.0480867]
pose8: [-0.239576, -1.74706, -1.82301, -2.01584, 0.889175, 0.0480388]
pose9: [-0.239576, -1.74709, -1.823, -2.01512, 1.37176, 0.0480388]
poses_frame_id: base_link
random_poses: false
wait_time: 4.0
