initial_pose: [-2.9390299955951136, 4.467770099639893, -2.0377872625934046, -0.9225037733661097, 1.416887879371643, 0.15516576170921326]
frame_id: probe

# Strating point of the ultrasound image
x: 758
y: 90

# Size of the ultrasound image for visual servo
w: 527
h: 680

# Size of the ultrasound image for reconstruction
#1285-758   770-90
reconstruction_w: 527
reconstruction_h: 680

# Parameters of the ultrasound image for visual servo
servo_x: 820
servo_y: 150
servo_w: 150
servo_h: 150
spacing: 0.0872865 # 46.0/527.0
volume_resol_reduction: 3

target_tx: 42.2
target_ty: 7.5
target_tz: 40
target_rx: 0.096
target_ry: 1.1708
target_rz: 0.0

visual_servo_lamda: 0.1
visual_servo_rotation_lamda: 0.1

test: [0,0.0,0,0,0.05,0]

nm_rel_x_change_tol: 0.001
nm_rel_obj_change_tol: 0.001
